Earn and Acq with 40x40 kernel matrix
0.96029 0.00000 0.95156 0.00000 0.94300 0.00000 0.92266 0.00000 0.93407 0.00000 0.94576 0.00000
0.96240 0.00000 0.95464 0.00000 0.94700 0.00000 0.92789 0.00000 0.93810 0.00000 0.94854 0.00000
0.96130 0.00000 0.95257 0.00000 0.94400 0.00000 0.92402 0.00000 0.93544 0.00000 0.94715 0.00000
0.96285 0.00000 0.94769 0.00000 0.93300 0.00000 0.91067 0.00000 0.92988 0.00000 0.94993 0.00000
0.91618 0.00000 0.92794 0.00000 0.94000 0.00000 0.91342 0.00000 0.89660 0.00000 0.88039 0.00000
0.90249 0.00000 0.92278 0.00000 0.94400 0.00000 0.91679 0.00000 0.88649 0.00000 0.85814 0.00000
0.83110 0.00000 0.81887 0.00000 0.80700 0.00000 0.74198 0.00000 0.75665 0.00000 0.77191 0.00000
0.65139 0.00000 0.63055 0.00000 0.61100 0.00000 0.50192 0.00000 0.52267 0.00000 0.54520 0.00000
0.59488 0.00000 0.57585 0.00000 0.55800 0.00000 0.43406 0.00000 0.45200 0.00000 0.47149 0.00000
