Crude vs Corn 20x20
0.97753 0.00000 0.92063 0.00000 0.87000 0.00000 0.80597 0.00000 0.87805 0.00000 0.96429 0.00000
0.97826 0.00000 0.93750 0.00000 0.90000 0.00000 0.84375 0.00000 0.90000 0.00000 0.96429 0.00000
0.97895 0.00000 0.95385 0.00000 0.93000 0.00000 0.88525 0.00000 0.92308 0.00000 0.96429 0.00000
0.95918 0.00000 0.94949 0.00000 0.94000 0.00000 0.89655 0.00000 0.91228 0.00000 0.92857 0.00000
0.97778 0.00000 0.92632 0.00000 0.88000 0.00000 0.81818 0.00000 0.88525 0.00000 0.96429 0.00000
0.96667 0.00000 0.91579 0.00000 0.87000 0.00000 0.80303 0.00000 0.86885 0.00000 0.94643 0.00000
0.95604 0.00000 0.91099 0.00000 0.87000 0.00000 0.80000 0.00000 0.85950 0.00000 0.92857 0.00000
0.94382 0.00000 0.88889 0.00000 0.84000 0.00000 0.76119 0.00000 0.82927 0.00000 0.91071 0.00000
0.88312 0.00000 0.76836 0.00000 0.68000 0.00000 0.59494 0.00000 0.69630 0.00000 0.83929 0.00000
