0.96029 0.00000 0.95156 0.00000 0.94300 0.00000 0.92266 0.00000 0.93407 0.00000 0.94576 0.00000
0.96240 0.00000 0.95464 0.00000 0.94700 0.00000 0.92789 0.00000 0.93810 0.00000 0.94854 0.00000
0.96130 0.00000 0.95257 0.00000 0.94400 0.00000 0.92402 0.00000 0.93544 0.00000 0.94715 0.00000
0.96285 0.00000 0.94769 0.00000 0.93300 0.00000 0.91067 0.00000 0.92988 0.00000 0.94993 0.00000
0.91618 0.00000 0.92794 0.00000 0.94000 0.00000 0.91342 0.00000 0.89660 0.00000 0.88039 0.00000
0.90249 0.00000 0.92278 0.00000 0.94400 0.00000 0.91679 0.00000 0.88649 0.00000 0.85814 0.00000
0.83110 0.00000 0.81887 0.00000 0.80700 0.00000 0.74198 0.00000 0.75665 0.00000 0.77191 0.00000
0.65139 0.00000 0.63055 0.00000 0.61100 0.00000 0.50192 0.00000 0.52267 0.00000 0.54520 0.00000
0.59488 0.00000 0.57585 0.00000 0.55800 0.00000 0.43406 0.00000 0.45200 0.00000 0.47149 0.00000

crude vs corn

0.97619 0.00000 0.89130 0.00000 0.82000 0.00000 0.75000 0.00000 0.84375 0.00000 0.96429 0.00000
0.98864 0.00000 0.92553 0.00000 0.87000 0.00000 0.80882 0.00000 0.88710 0.00000 0.98214 0.00000
0.96667 0.00000 0.91579 0.00000 0.87000 0.00000 0.80303 0.00000 0.86885 0.00000 0.94643 0.00000
0.95652 0.00000 0.91667 0.00000 0.88000 0.00000 0.81250 0.00000 0.86667 0.00000 0.92857 0.00000
0.93590 0.00000 0.82022 0.00000 0.73000 0.00000 0.65385 0.00000 0.76119 0.00000 0.91071 0.00000
0.92105 0.00000 0.79545 0.00000 0.70000 0.00000 0.62500 0.00000 0.73529 0.00000 0.89286 0.00000
0.91860 0.00000 0.84946 0.00000 0.79000 0.00000 0.70000 0.00000 0.77778 0.00000 0.87500 0.00000
0.89333 0.00000 0.76571 0.00000 0.67000 0.00000 0.59259 0.00000 0.70073 0.00000 0.85714 0.00000
0.74074 0.00000 0.51948 0.00000 0.40000 0.00000 0.41176 0.00000 0.53165 0.00000 0.75000 0.00000