Earn vs Acq 20x20
0.97727 0.00000 0.91489 0.00000 0.86000 0.00000 0.87500 0.00000 0.92453 0.00000 0.98000 0.00000
0.97778 0.00000 0.92632 0.00000 0.88000 0.00000 0.89091 0.00000 0.93333 0.00000 0.98000 0.00000
0.94737 0.00000 0.92308 0.00000 0.90000 0.00000 0.90476 0.00000 0.92683 0.00000 0.95000 0.00000
0.94565 0.00000 0.90625 0.00000 0.87000 0.00000 0.87963 0.00000 0.91346 0.00000 0.95000 0.00000
0.94624 0.00000 0.91192 0.00000 0.88000 0.00000 0.88785 0.00000 0.91787 0.00000 0.95000 0.00000
0.94505 0.00000 0.90052 0.00000 0.86000 0.00000 0.87156 0.00000 0.90909 0.00000 0.95000 0.00000
0.88043 0.00000 0.84375 0.00000 0.81000 0.00000 0.82407 0.00000 0.85577 0.00000 0.89000 0.00000
0.81818 0.00000 0.81407 0.00000 0.81000 0.00000 0.81188 0.00000 0.81592 0.00000 0.82000 0.00000
0.72000 0.00000 0.72000 0.00000 0.72000 0.00000 0.72000 0.00000 0.72000 0.00000 0.72000 0.00000
